[gd_scene load_steps=8 format=3 uid="uid://gefhtih4wx1y"]

[ext_resource type="PackedScene" uid="uid://bljq3vkud567q" path="res://src/characters/player/player.tscn" id="1_30tvn"]
[ext_resource type="PackedScene" uid="uid://0ai35adpvimf" path="res://src/shared/traps/axe_trap/axe_trap.tscn" id="2_xpxfb"]
[ext_resource type="PackedScene" uid="uid://8xjnta7u4oh" path="res://src/shared/traps/arrow_trap/trap.tscn" id="3_ig866"]
[ext_resource type="PackedScene" uid="uid://cakaokgbb05xc" path="res://src/levels/02_tutorial/tutorial2finished.glb" id="4_wmdah"]

[sub_resource type="ProceduralSkyMaterial" id="ProceduralSkyMaterial_30tvn"]
sky_horizon_color = Color(0.66224277, 0.6717428, 0.6867428, 1)
ground_horizon_color = Color(0.66224277, 0.6717428, 0.6867428, 1)

[sub_resource type="Sky" id="Sky_xpxfb"]
sky_material = SubResource("ProceduralSkyMaterial_30tvn")

[sub_resource type="Environment" id="Environment_ig866"]
background_mode = 2
sky = SubResource("Sky_xpxfb")
tonemap_mode = 2
glow_enabled = true

[node name="Tutorial2" type="Node"]

[node name="WorldEnvironment" type="WorldEnvironment" parent="."]
environment = SubResource("Environment_ig866")

[node name="DirectionalLight3D" type="DirectionalLight3D" parent="."]
transform = Transform3D(-0.8660254, -0.43301278, 0.25, 0, 0.49999997, 0.86602545, -0.50000006, 0.75, -0.43301266, 0, 0, 0)
shadow_enabled = true

[node name="Axes2" type="Node3D" parent="."]
visible = false

[node name="AxeTrap" parent="Axes2" instance=ExtResource("2_xpxfb")]
transform = Transform3D(-4.3711385e-08, 0, 0.99999994, 0, 1, 0, -0.99999994, 0, -4.3711385e-08, 9.67827, 13.835038, 25.7509)

[node name="AxeTrap2" parent="Axes2" instance=ExtResource("2_xpxfb")]
transform = Transform3D(-4.3711385e-08, 0, -0.99999994, 0, 1, 0, 0.99999994, 0, -4.3711385e-08, 5.7833548, 13.835038, 25.7509)

[node name="AxeTrap3" parent="Axes2" instance=ExtResource("2_xpxfb")]
transform = Transform3D(-4.3711385e-08, 0, -0.99999994, 0, 1, 0, 0.99999994, 0, -4.3711385e-08, 12.831154, 13.835038, 25.7509)

[node name="AxeTrap4" parent="Axes2" instance=ExtResource("2_xpxfb")]
transform = Transform3D(-4.3711385e-08, 0, 0.99999994, 0, 1, 0, -0.99999994, 0, -4.3711385e-08, 16.054531, 13.835038, 25.7509)

[node name="AxeTrap" parent="." instance=ExtResource("2_xpxfb")]
transform = Transform3D(-4.371139e-08, 0, 1, 0, 1, 0, -1, 0, -4.371139e-08, 39.44139, 7.5241513, -0.31404233)
visible = false

[node name="Trap" parent="." instance=ExtResource("3_ig866")]
transform = Transform3D(1, 0, 0, 0, 1, 0, 0, 0, 1, 36.363297, 10.740402, -13.6633215)
visible = false

[node name="ArrowTraps" type="Node3D" parent="."]
transform = Transform3D(-4.371139e-08, 0, -1, 0, 1, 0, 1, 0, -4.371139e-08, -4.5551567, 12.642239, 19.618084)
visible = false

[node name="Trap2" parent="ArrowTraps" instance=ExtResource("3_ig866")]

[node name="Trap3" parent="ArrowTraps" instance=ExtResource("3_ig866")]
transform = Transform3D(1, 0, 0, 0, 1, 0, 0, 0, 1, -3.3386688, 0, 4.7683716e-07)

[node name="Trap4" parent="ArrowTraps" instance=ExtResource("3_ig866")]
transform = Transform3D(1, 0, 0, 0, 1, 0, 0, 0, 1, -6.7917795, 0, 0)

[node name="Player" parent="." instance=ExtResource("1_30tvn")]
transform = Transform3D(1, 0, 0, 0, 1, 0, 0, 0, 1, -6.2525644, 2.2945573, -0.27261162)
visible = false

[node name="Blockout" type="Node3D" parent="."]
transform = Transform3D(1.8639494, 0, 0, 0, 0.8951317, 0, 0, 0, 1.896995, -4.9958553, 11.480338, -0.15695265)
visible = false

[node name="FirstSection" type="CSGCombiner3D" parent="Blockout"]
transform = Transform3D(1.4633299, 0, 0, 0, 6.112223, 0, 0, 0, 2.233978, 2.680253, -12.825308, 0.08273753)
use_collision = true
collision_layer = 6
collision_mask = 6

[node name="CSGBox3D" type="CSGBox3D" parent="Blockout/FirstSection"]
transform = Transform3D(1, 0, 0, 0, 1, 0, 0, 0, 1, -1.554883, 0.087394565, -0.0044867992)
use_collision = true
collision_mask = 6
size = Vector3(4.118164, 0.001, 1)

[node name="CSGBox3D2" type="CSGBox3D" parent="Blockout/FirstSection"]
transform = Transform3D(0.97424436, -0.2254952, 0, 0.2254952, 0.9742443, 0, 0, 0, 1, 1.1076267, 0.23301506, -0.0044867992)
use_collision = true
size = Vector3(1.203186, 0.001, 1)

[node name="CSGBox3D3" type="CSGBox3D" parent="Blockout/FirstSection"]
transform = Transform3D(1, 0, 0, 0, 0.67068595, 0, 0, 0, 0.55241364, 4.707912, 0.4129574, -0.107115366)
use_collision = true
size = Vector3(6.4150543, 0.001, 7.125305)

[node name="CSGBox3D4" type="CSGBox3D" parent="Blockout/FirstSection"]
transform = Transform3D(1, 0, 0, 0, 0.67068595, 0, 0, 0, 0.55241364, 7.8599405, 0.7100436, -0.10828908)
use_collision = true
size = Vector3(0.11645508, 1, 7.1127625)

[node name="CSGBox3D5" type="CSGBox3D" parent="Blockout/FirstSection"]
transform = Transform3D(1, 0, 0, 0, 0.67068595, 0, 0, 0, 0.55241364, 1.7044425, 0.7100436, -0.10828908)
use_collision = true
size = Vector3(0.11645508, 1, 7.1127625)

[node name="CSGBox3D6" type="CSGBox3D" parent="Blockout/FirstSection"]
transform = Transform3D(0.012598277, 0, -0.99317116, 0, 0.67068595, 0, 0.5521819, 0, 0.022659644, 4.837493, 0.7100436, 1.8082511)
use_collision = true
size = Vector3(0.11645508, 1, 6.4216156)

[node name="CSGBox3D7" type="CSGBox3D" parent="Blockout/FirstSection"]
transform = Transform3D(-2.4142919e-08, 0, -0.9934296, 0, 1, 0, 0.5523256, 0, -4.3424187e-08, 4.790275, 0.65032035, -1.9937679)
use_collision = true
size = Vector3(0.11645508, 0.8076172, 6.3265305)

[node name="FirstSecionDeco" type="CSGCombiner3D" parent="Blockout"]
transform = Transform3D(0.53649527, 0, 0, 0, 1.1171542, 0, 0, 0, 0.5271497, 7.623333, -8.878996, 2.952264)
use_collision = true
collision_layer = 6
collision_mask = 6

[node name="CSGCylinder3D" type="CSGCylinder3D" parent="Blockout/FirstSecionDeco"]
height = 4.3134766

[node name="CSGCylinder3D2" type="CSGCylinder3D" parent="Blockout/FirstSecionDeco"]
transform = Transform3D(1, 0, 0, 0, 1, 0, 0, 0, 1, 8.575736, 0, 0)
height = 4.3134766

[node name="CSGCylinder3D3" type="CSGCylinder3D" parent="Blockout/FirstSecionDeco"]
transform = Transform3D(1, 0, 0, 0, 1, 0, 0, 0, 1, 0, 0, -12.426286)
height = 4.3134766

[node name="CSGCylinder3D4" type="CSGCylinder3D" parent="Blockout/FirstSecionDeco"]
transform = Transform3D(1, 0, 0, 0, 1, 0, 0, 0, 1, 8.575736, 0, -12.426286)
height = 4.3134766

[node name="CSGBox3D" type="CSGBox3D" parent="Blockout/FirstSecionDeco"]
transform = Transform3D(1, 0, 0, 0, 1, 0, 0, 0, 1, 2.5665274, -0.91040564, -11.244204)
size = Vector3(2.2919922, 1, 2.1220703)

[node name="CSGBox3D2" type="CSGBox3D" parent="Blockout/FirstSecionDeco"]
transform = Transform3D(1, 0, 0, 0, 1, 0, 0, 0, 1, 5.1675634, -0.91040564, -1.6512766)
size = Vector3(2.2919922, 1, 2.1220703)

[node name="SecondSection" type="CSGCombiner3D" parent="Blockout"]
transform = Transform3D(0.52542424, -0.108427614, 0, 0.2257809, 1.0941008, 0, 0, 0, 0.5271497, 15.913445, -9.128566, -0.028091729)
use_collision = true
collision_layer = 6
collision_mask = 6

[node name="CSGBox3D" type="CSGBox3D" parent="Blockout/SecondSection"]
size = Vector3(5.8797607, 0.001, 3.031372)

[node name="CSGBox3D2" type="CSGBox3D" parent="Blockout/SecondSection"]
transform = Transform3D(0.994149, 0.10801668, 0, -0.10801668, 0.994149, 0, 0, 0, 1, 9.647631, -0.79138756, -0.061882734)
size = Vector3(13.633972, 0.001, 4.8200073)

[node name="CSGBox3D3" type="CSGBox3D" parent="Blockout/SecondSection"]
transform = Transform3D(0.9793641, 0.20210359, 0, -0.20210359, 0.9793641, 0, 0, 0, 1, 23.063967, -2.9590297, -0.061882734)
size = Vector3(13.633972, 0.001, 4.8200073)

[node name="CSGBox3D4" type="CSGBox3D" parent="Blockout/SecondSection"]
transform = Transform3D(-0.049617205, 0.20210357, 0.97810644, 0.010239108, 0.97936404, -0.20184405, -0.99871576, 0, -0.050662678, 31.590223, -4.7185254, -0.061882734)
size = Vector3(13.633972, 0.001, 4.8200073)

[node name="CSGBox3D5" type="CSGBox3D" parent="Blockout/SecondSection"]
transform = Transform3D(0.00086933, 0.19567934, 0.98066765, 0.25488946, 0.9482331, -0.1894335, -0.96696967, 0.25012654, -0.04905227, 31.268312, -3.7214718, -10.705464)
size = Vector3(9.23703, 0.001, 4.8200073)

[node name="CSGBox3D6" type="CSGBox3D" parent="Blockout/SecondSection"]
transform = Transform3D(-0.047841664, 0.19013788, 0.980591, 0.009872705, 0.9817571, -0.18988235, -0.998806, 0.0005967971, -0.04884608, 31.539656, -2.7299519, -17.549538)
size = Vector3(4.974663, 0.001, 4.8200073)

[node name="CSGBox3D7" type="CSGBox3D" parent="Blockout/SecondSection"]
transform = Transform3D(-0.04223159, 0.49201074, 0.8695642, 0.02455175, 0.87058884, -0.49139816, -0.9988061, 0.0005967971, -0.04884609, 24.647745, 0.29814577, -17.414276)
size = Vector3(4.974663, 0.001, 10.358246)

[node name="CSGBox3D8" type="CSGBox3D" parent="Blockout/SecondSection"]
transform = Transform3D(-0.047841664, 0.19013788, 0.980591, 0.009872705, 0.9817571, -0.18988235, -0.998806, 0.0005967971, -0.04884608, 8.029413, 5.1313853, -16.52954)
size = Vector3(4.974663, 0.001, 24.922356)

[node name="CSGBox3D9" type="CSGBox3D" parent="Blockout/SecondSection"]
transform = Transform3D(-0.047841664, 0.19013788, 0.980591, 0.009872705, 0.9817571, -0.18988235, -0.998806, 0.0005967971, -0.04884608, -6.68025, 8.165575, -15.588712)
size = Vector3(4.8316717, 0.001, 4.8200073)

[node name="CSGBox3D10" type="CSGBox3D" parent="Blockout/SecondSection"]
transform = Transform3D(-0.12628725, 0.17430112, 0.9765606, -0.37026298, 0.9050145, -0.2094131, -0.9203025, -0.3880305, -0.049754553, -6.1596355, 8.902753, -11.188783)
size = Vector3(4.8316717, 0.001, 4.8200073)

[node name="CSGBox3D11" type="CSGBox3D" parent="Blockout/SecondSection"]
transform = Transform3D(-0.04784162, 0.19013786, 0.9805914, 0.009872719, 0.9817571, -0.18988258, -0.998806, 0.0005967971, -0.04884608, -3.6715488, 9.314705, -1.0374657)
size = Vector3(16.413883, 0.001, 1.0892181)

[node name="CSGBox3D12" type="CSGBox3D" parent="Blockout/SecondSection"]
transform = Transform3D(0.9774057, 0.13554806, 0.03419673, -0.20169947, 0.6568458, -0.0070569073, -0.06320857, 0, 0.551309, -2.8129883, 10.696049, -0.9617002)
use_collision = true
size = Vector3(0.11645508, 4.7022705, 29.431486)

[node name="CSGBox3D13" type="CSGBox3D" parent="Blockout/SecondSection"]
transform = Transform3D(-0.04784162, 0.19013786, 0.9805914, 0.009872719, 0.9817571, -0.18988258, -0.998806, 0.0005967971, -0.04884608, -4.721346, 9.52261, 15.778745)
size = Vector3(17.087801, 0.001, 4.8200073)

[node name="ThirdSection" type="CSGCombiner3D" parent="Blockout"]
transform = Transform3D(1, 0, 0, 0, 1.0000002, 0, 0, 0, 1.0000002, 2.3841858e-07, 0, 1.4901161e-08)
use_collision = true
collision_layer = 6
collision_mask = 6

[node name="CSGBox3D9" type="CSGBox3D" parent="Blockout/ThirdSection"]
transform = Transform3D(-0.026206734, -0.00207091, 0.5358509, 0.00045527774, 1.1171454, 0.004339712, -0.52652025, 0.00031460126, -0.025749195, 7.1913395, 0.08721256, 13.94909)
size = Vector3(4.8316717, 0.001, 25.292892)

[node name="CSGBox3D10" type="CSGBox3D" parent="Blockout/ThirdSection"]
transform = Transform3D(-0.026206734, -0.00207091, 0.5358509, 0.00045527774, 1.1171454, 0.004339712, -0.52652025, 0.00031460126, -0.025749195, 0.9109025, 0.11768055, 7.3599215)
size = Vector3(21.617996, 0.001, 3.229454)

[node name="CSGBox3D11" type="CSGBox3D" parent="Blockout/ThirdSection"]
transform = Transform3D(-0.026206734, -0.00207091, 0.5358509, 0.00045527774, 1.1171454, 0.004339712, -0.52652025, 0.00031460126, -0.025749195, 0.30874848, -0.010956764, -0.3568393)
size = Vector3(8.162418, 0.001, 7.853628)

[node name="CSGBox3D12" type="CSGBox3D" parent="Blockout/ThirdSection"]
transform = Transform3D(-0.02620673, -0.00207091, 0.53585094, 0.22877611, 1.0064651, 0.015078414, -0.4742272, 0.48481485, -0.021319287, 1.1358482, 0.41944408, -3.592133)
size = Vector3(4.451008, 0.001, 3.229454)

[node name="CSGBox3D13" type="CSGBox3D" parent="Blockout/ThirdSection"]
transform = Transform3D(-0.026206734, -0.00207091, 0.53585094, 0.00045527992, 1.1171466, 0.0043397136, -0.52652514, 0.00031460426, -0.025749465, 0.98326397, 0.939723, -5.422645)
size = Vector3(3.0916328, 0.001, 3.229454)

[node name="CSGBox3D14" type="CSGBox3D" parent="Blockout/ThirdSection"]
transform = Transform3D(-0.02620673, -0.0020709082, 0.53585094, 0.33704585, 0.85868305, 0.019802416, -0.40451342, 0.71462053, -0.017021667, 0.888342, 1.6323318, -7.115938)
size = Vector3(4.451008, 0.001, 3.229454)

[node name="CSGBox3D15" type="CSGBox3D" parent="Blockout/ThirdSection"]
transform = Transform3D(-0.02620673, -0.00207091, 0.53585094, -0.00850423, 1.1169903, 0.003900931, -0.5264583, -0.018694993, -0.025819667, 0.7702898, 2.3619852, -8.811415)
size = Vector3(3.0916328, 0.001, 3.1005669)

[node name="CSGBox3D16" type="CSGBox3D" parent="Blockout/ThirdSection"]
transform = Transform3D(-0.02620673, -0.00207091, 0.53585094, -0.00850423, 1.1169903, 0.003900953, -0.526464, -0.018695194, -0.025819983, -1.9488404, 2.3542957, -8.670128)
size = Vector3(3.0916328, 0.001, 7.043208)

[node name="CSGBox3D" type="CSGBox3D" parent="Blockout/ThirdSection"]
transform = Transform3D(-2.3983205e-07, 1.9986004e-09, 5.36495, -4.551883e-09, 11.171537, -4.1617216e-09, -5.2714925, 2.4485937e-08, -2.1994386e-07, -6.5064383, 2.24057, -9.010289)
size = Vector3(1, 0.001, 1)

[node name="tutorial2finished" parent="." instance=ExtResource("4_wmdah")]
transform = Transform3D(1, 0, 0, 0, 1, 0, 0, 0, 1, -3.4861698, 12.601061, 19.99394)

[node name="Deco" type="Node3D" parent="tutorial2finished"]
transform = Transform3D(1, 0, 0, 0, 1, 0, 0, 0, 1, 0, -9.536743e-07, 0)

[editable path="tutorial2finished"]
